1666	31/12/2015	27	45	41	37	20	20	5175044 	-	Jackpot	        -	Jackpot 	38	2500.00	527	50.00	1729	50.00	24772	2.00	23091	2.00	100874	1.50
1665	27/12/2015	45	25	17	39	36	10	3814331 	-	Jackpot	        3	56261.38	26	2500.00	538	50.00	1039	50.00	21835	2.00	13031	2.00	65079	1.50
1664	24/12/2015	13	41	22	14	4	4	4292622 	2	300000  	6	31658.08	43	2500.00	638	50.00	1865	50.00	28174	2.00	19915	2.00	76129	1.50
1663	20/12/2015	19	10	1	28	5	6	4266116 	1	790549.39	4	47193.9 	71	2500.00	1223	50.00	1549	50.00	33876	2.00	18211	2.00	72865	1.50
1662	17/12/2015	44	12	19	29	30	5	3679104 	-	Jackpot	        1	162800.35	26	2500.00	565	50.00	1066	50.00	22746	2.00	14207	2.00	68594	1.50
1661	13/12/2015	38	28	31	10	27	3	22169174	1	15500000	5	196197.19	106	2500.00	2282	50.00	6501	50.00	123307	2.00	89738	2.00	423719	1.50
1660	10/12/2015	11	24	30	18	13	9	20264479	-	Jackpot 	17	52747.24	244	2500.00	3737	50.00	9383	50.00	142569	2.00	116442	2.00	500745	1.50
1659	6/12/2015	1	12	42	4	8	16	19152860	-	Jackpot	        14	60536.71	125	2500.00	3464	50.00	4853	50.00	129082	2.00	56799	2.00	260553	1.50
1658	3/12/2015	42	41	21	31	19	16	15036536	-	Jackpot	        15	44357.78	101	2500.00	2322	50.00	4193	50.00	86444	2.00	47132	2.00	223136	1.50
1657	29/11/2015	19	32	31	10	2	13	12568259	-	Jackpot 	8	69518.18	95	2500.00	1606	50.00	4423	50.00	68412	2.00	63807	2.00	318652	1.50
1656	26/11/2015	22	25	37	18	23	14	8906759 	-	Jackpot	        5	78824.81	72	2500.00	1146	50.00	3227	50.00	58168	2.00	42745	2.00	187278	1.50
1655	22/11/2015	22	21	42	27	15	9	8184050 	-	Jackpot	        1	362144.21	50	2500.00	750	50.00	2768	50.00	41213	2.00	42826	2.00	214183	1.50
1654	19/11/2015	6	25	17	11	9	11	6484344 	-	Jackpot 	5	57386.44	113	2500.00	1668	50.00	3306	50.00	52356	2.00	33906	2.00	132648	1.50
1653	15/11/2015	24	28	15	17	33	6	6470948 	-	Jackpot	        11	26030.85	83	2500.00	1592	50.00	2567	50.00	54762	2.00	26167	2.00	110733	1.50
1652	12/11/2015	23	43	11	4	34	10	5246877 	-	Jackpot	        8	29021.78	52	2500.00	1074	50.00	1498	50.00	31863	2.00	20476	2.00	97935	1.50
1651	8/11/2015	9	43	14	10	17	1	5137934 	-	Jackpot 	1	426520.13	16	2500.00	545	50.00	1178	50.00	30455	2.00	16398	2.00	75525	1.50
1650	5/11/2015	1	21	9	26	34	4	4500939 	-	Jackpot 	-	Jackpot   	20	2500.00	511	50.00	1167	50.00	24814	2.00	17530	2.00	81311	1.50
1649	1/11/2015	12	13	18	32	34	13	4573702 	-	Jackpot         1	202386.31	103	2500.00	933	50.00	3013	50.00	35455	2.00	33642	2.00	131342	1.50
1648	29/10/2015	16	42	27	39	7	19	3665442 	-	Jackpot	        7	47334.82	26	2500.00	876	50.00	999	50.00	25200	2.00	12478	2.00	55039	1.50
1647	25/10/2015	18	24	29	2	27	6	3822552 	-	Jackpot 	-	Jackpot	        33	2500.00	883	50.00	1263	50.00	28641	2.00	15438	2.00	67185	1.50
1646	22/10/2015	41	15	33	19	31	8	3067525 	-	Jackpot	        1	135737.98	25	2500.00	325	50.00	1245	50.00	16493	2.00	17103	2.00	84499	1.50
1645	18/10/2015	20	34	43	40	44	15	3386146 	-	Jackpot	        1	149836.96	14	2500.00	370	50.00	632	50.00	13971	2.00	8720	2.00	45226	1.50
1644	15/10/2015	13	12	31	27	2	17	8513299 	1	5847085.67	6	62785.58	52	2500.00	1443	50.00	2390	50.00	56325	2.00	29994	2.00	133609	1.50
1643	11/10/2015	8	39	41	20	31	18	8408970 	-	Jackpot	        7	53156.7 	53	2500.00	1202	50.00	1954	50.00	43123	2.00	26760	2.00	132071	1.50
1642	8/10/2015	37	19	10	13	9	5	6684546 	-	Jackpot	        1	295791.16	53	2500.00	957	50.00	2533	50.00	48239	2.00	31214	2.00	132863	1.50
1641	4/10/2015	39	20	17	41	33	3	6432333 	-	Jackpot 	5	56926.14	50	2500.00	1009	50.00	1970	50.00	39464	2.00	25469	2.00	121393	1.50
1640	1/10/2015	3	30	25	13	21	17	5261905 	-	Jackpot 	12	19403.27	36	2500.00	1107	50.00	1730	50.00	42190	2.00	19404	2.00	85078	1.50
1639	27/9/2015	7	45	4	20	18	8	5147105 	-	Jackpot 	1	227759.4	54	2500.00	668	50.00	2579	50.00	30941	2.00	33956	2.00	154219	1.50
1638	24/9/2015	28	45	20	34	17	2	4169167 	-	Jackpot 	1	184485.64	36	2500.00	695	50.00	1152	50.00	25552	2.00	15080	2.00	69874	1.50
1637	20/9/2015	16	23	18	40	13	12	4041096 	-	Jackpot	        3	163198.85	35	2500.00	539	50.00	1651	50.00	24707	2.00	19707	2.00	95858	1.50
1636	17/9/2015	37	27	22	2	41	6	3553061 	-	Jackpot	        -	Jackpot 	25	2500.00	420	50.00	967	50.00	18956	2.00	12979	2.00	64055	1.50
1635	13/9/2015	19	28	14	42	13	14	3470172 	-	Jackpot	        -	Jackpot 	30	2500.00	535	50.00	1495	50.00	22464	2.00	17608	2.00	71723	1.50
1634	10/9/2015	24	16	43	30	42	13	3083026 	-	Jackpot 	1	136423.9	9	2500.00	194	50.00	848	50.00	12134	2.00	14098	2.00	75608	1.50
1633	6/9/2015	35	15	34	40	36	14	5358704 	1	2708639.85	20	11856.13	28	2500.00	338	50.00	1726	50.00	20721	2.00	22648	2.00	120926	1.50
1632	3/9/2015	15	14	13	35	9	3	4749018 	-	Jackpot 	1	210144.05	37	2500.00	588	50.00	1460	50.00	27566	2.00	20163	2.00	96261	1.50
1631	30/8/2015	43	41	7	29	23	18	4333162	        -	Jackpot  	2	95871.21	31	2500.00	631	50.00	1242	50.00	26663	2.00	16536	2.00	69753	1.50
1630	27/8/2015	12	42	27	18	30	7	3766012 	-	Jackpot	        5	33329.2 	59	2500.00	996	50.00	2262	50.00	31775	2.00	23474	2.00	99213	1.50
1629	23/8/2015	5	25	26	11	20	3	3251258 	-	Jackpot	        4	35967.04	28	2500.00	494	50.00	991	50.00	20377	2.00	12192	2.00	56755	1.50
1628	20/8/2015	9	21	3	14	5	10	3081348 	-	Jackpot	        6	22724.94	28	2500.00	859	50.00	1498	50.00	29699	2.00	14588	2.00	58736	1.50
1627	16/8/2015	20	28	44	32	10	3	2683009 	-	Jackpot	        5	23744.62	16	2500.00	393	50.00	740	50.00	15261	2.00	9405	2.00	46091	1.50
1626	13/8/2015	41	24	44	19	5	11	4056065 	1	1414338.07	5	69320.96	34	2500.00	447	50.00	992	50.00	18944	2.00	14735	2.00	73744	1.50
1625	9/8/2015	3	21	32	22	4	4	3776812 	-	Jackpot 	-	Jackpot 	23	2500.00	389	50.00	1130	50.00	20815	2.00	15971	2.00	67309	1.50
1624	6/8/2015	33	16	5	24	29	15	3178758 	-	Jackpot 	1	140660.04	19	2500.00	577	50.00	846	50.00	20081	2.00	10740	2.00	48166	1.50
1623	2/8/2015	22	24	9	35	7	5	3202818 	-	Jackpot 	2	70862.35	43	2500.00	734	50.00	1257	50.00	23259	2.00	16026	2.00	67817	1.50
1622	30/7/2015	29	17	44	22	31	4	10699077	2	4865325.68	8	59179.27	79	2500.00	1807	50.00	3448	50.00	68652	2.00	41875	2.00	187313	1.50
1621	26/7/2015	34	44	27	13	29	1	8980239 	-	Jackpot 	5	79475.11	41	2500.00	1419	50.00	2086	50.00	60430	2.00	27347	2.00	130530	1.50
1620	23/7/2015	3	8	25	39	6	19	7672801 	-	Jackpot 	1	339521.44	38	2500.00	812	50.00	1771	50.00	43248	2.00	25469	2.00	121593	1.50
1619	19/7/2015	2	24	18	27	39	9	7173027 	-	Jackpot 	5	63481.28	115	2500.00	1420	50.00	3892	50.00	48094	2.00	40690	2.00	171105	1.50
1618	16/7/2015	5	3	36	33	27	7	6036451 	-	Jackpot 	3	89037.65	55	2500.00	790	50.00	2773	50.00	38772	2.00	38966	2.00	162766	1.50
1617	12/7/2015	18	40	6	43	41	11	5475271 	-	Jackpot 	3	80760.24	25	2500.00	529	50.00	1230	50.00	25999	2.00	17644	2.00	94611	1.50
1616	9/7/2015	26	24	9	39	16	17	3888713 	-	Jackpot 	10	17207.55	43	2500.00	801	50.00	1145	50.00	23961	2.00	13174	2.00	60927	1.50
1615	5/7/2015	29	13	23	38	21	18	4009127         -	Jackpot 	6	29567.31	65	2500.00	1034	50.00	1614	50.00	34294	2.00	16547	2.00	67611	1.50
1614	2/7/2015	32	35	39	37	16	8	3937766 	-	Jackpot 	4	43561.53	35	2500.00	535	50.00	1485	50.00	19100	2.00	20276	2.00	100343	1.50
1613	28/6/2015	39	42	1	11	16	3	6294075 	-	Jackpot 	2	139256.41	23	2500.00	534	50.00	1301	50.00	28227	2.00	20587	2.00	111353	1.50
1612	25/6/2015	41	23	19	32	22	16	6033010 	-	Jackpot 	4	66740.17	45	2500.00	1105	50.00	1651	50.00	43587	2.00	20273	2.00	88541	1.50
1611	21/6/2015	28	3	43	29	35	6	5943030 	-	Jackpot 	1	262979.08	31	2500.00	681	50.00	1500	50.00	31414	2.00	21278	2.00	106812	1.50
1610	18/6/2015	34	20	44	40	17	13	5126468 	-	Jackpot 	5	45369.24	32	2500.00	486	50.00	1700	50.00	23163	2.00	24677	2.00	124472	1.50
1609	14/6/2015	23	16	25	31	21	10	4874100 	-	Jackpot 	3	71892.97	48	2500.00	750	50.00	1765	50.00	32790	2.00	19232	2.00	89021	1.50
1608	11/6/2015	3	23	36	38	15	9	4334329 	-	Jackpot 	6	60883.07	38	2500.00	609	50.00	1658	50.00	22838	2.00	22217	2.00	106323	1.50
1607	7/6/2015	24	23	45	6	42	15	3921003 	-	Jackpot 	-	Jackpot 	19	2500.00	410	50.00	890	50.00	18508	2.00	10994	2.00	55489	1.50
1606	4/6/2015	17	31	12	40	10	4	3397004 	-	Jackpot 	4	37579.35	18	2500.00	416	50.00	852	50.00	18191	2.00	12127	2.00	59818	1.50
1605	31/5/2015	39	19	16	38	29	11	21219551	1	9526392.58	11	85360.46	174	2500.00	3872	50.00	6555	50.00	138716	2.00	78926	2.00	365996	1.50
1604	28/5/2015	42	36	34	12	32	16	17424326	-	Jackpot 	12	64252.2 	118	2500.00	2519	50.00	4512	50.00	115758	2.00	51739	2.00	234104	1.50
1603	24/5/2015	44	27	20	2	36	7	12482393	-	Jackpot 	12	46028.82	80	2500.00	1370	50.00	3396	50.00	55208	2.00	51649	2.00	283069	1.50
1602	21/5/2015	44	16	33	19	41	17	9138763 	-	Jackpot 	4	101097.56	72	2500.00	1504	50.00	2330	50.00	50808	2.00	29038	2.00	137531	1.50
1601	17/5/2015	5	33	40	7	9	7	6883375 	-	Jackpot 	1	304589.34	99	2500.00	1198	50.00	5038	50.00	57777	2.00	51934	2.00	195397	1.50
1600	14/5/2015	20	18	16	17	38	3	5215027 	-	Jackpot 	2	115382.47	95	2500.00	1522	50.00	1805	50.00	31352	2.00	21029	2.00	100421	1.50
1599	10/5/2015	36	39	16	7	19	2	5223626 	-	Jackpot 	4	57786.36	39	2500.00	973	50.00	1344	50.00	32897	2.00	16993	2.00	79738	1.50
1598	7/5/2015	29	40	21	44	26	4	4263395 	-	Jackpot 	2	94327.61	15	2500.00	280	50.00	829	50.00	16869	2.00	13267	2.00	73361	1.50
1597	3/5/2015	25	23	1	11	29	17	3994242 	-	Jackpot 	1	176745.21	14	2500.00	879	50.00	1015	50.00	30898	2.00	12505	2.00	58817	1.50
1596	30/4/2015	21	39	43	31	38	10	3539123 	-	Jackpot 	4	39151.54	14	2500.00	378	50.00	787	50.00	17144	2.00	11463	2.00	57249	1.50
1595	26/4/2015	40	26	13	27	6	16	3376301 	-	Jackpot 	4	37350.33	31	2500.00	542	50.00	817	50.00	19842	2.00	10232	2.00	47141	1.50
1594	23/4/2015	29	28	20	22	37	17	2982517 	-	Jackpot 	1	131976.38	28	2500.00	445	50.00	878	50.00	20846	2.00	10582	2.00	45331	1.50
1593	19/4/2015	4	42	45	13	24	15	4882840 	1	2072179.04	2	108032.83	46	2500.00	689	50.00	1125	50.00	26455	2.00	14667	2.00	70350	1.50
1592	16/4/2015	2	22	39	12	34	13	3706877 	-	Jackpot 	5	32805.86	34	2500.00	554	50.00	1891	50.00	25177	2.00	21674	2.00	98869	1.50
1591	11/4/2015	38	15	17	29	21	2	2779459 	-	Jackpot 	2	61495.53	10	2500.00	454	50.00	689	50.00	17925	2.00	8525	2.00	41172	1.50
1590	8/4/2015	40	15	39	33	34	10	2789141 	-	Jackpot 	1	123419.49	11	2500.00	209	50.00	597	50.00	11440	2.00	8849	2.00	47721	1.50
1589	5/4/2015	32	21	7	20	31	8	3506514 	-	Jackpot 	3	51721.08	36	2500.00	497	50.00	1596	50.00	21984	2.00	21392	2.00	100026	1.50
1588	2/4/2015	19	34	44	3	17	10	3161089 	-	Jackpot 	3	46626.06	29	2500.00	494	50.00	814	50.00	18809	2.00	11734	2.00	56859	1.50
1587	29/3/2015	42	20	31	36	6	3	3443831 	1	650000  	1	152389.51	14	2500.00	288	50.00	651	50.00	13519	2.00	10173	2.00	59137	1.50
1586	26/3/2015	44	19	28	4	13	11	2575559 	-	Jackpot 	3	37989.49	20	2500.00	474	50.00	802	50.00	17217	2.00	10337	2.00	45431	1.50
1585	22/3/2015	45	38	13	24	10	8	3300263 	1	600000  	1	279574.25	33	2500.00	477	50.00	1620	50.00	18348	2.00	20526	2.00	96716	1.50
1584	19/3/2015	3	44	28	32	20	1	3017799 	1	600000  	-	Jackpot 	17	2500.00	412	50.00	712	50.00	17283	2.00	9628	2.00	50023	1.50
1583	15/3/2015	33	5	9	36	16	19	4929359 	2	1001495.35	5	43624.82	36	2500.00	940	50.00	1299	50.00	32606	2.00	16627	2.00	73909	1.50
1582	12/3/2015	20	32	36	4	14	2	3997413 	-	Jackpot 	2	180329.48	17	2500.00	303	50.00	812	50.00	19747	2.00	11583	2.00	58306	1.50
1581	8/3/2015	1	35	20	2	21	2	4153072 	-	Jackpot 	-	Jackpot 	39	2500.00	416	50.00	1060	50.00	19049	2.00	14060	2.00	64020	1.50
1580	5/3/2015	2	33	17	41	3	17	3400499 	-	Jackpot 	3	50157.36	34	2500.00	645	50.00	1123	50.00	22472	2.00	13151	2.00	53712	1.50
1579	1/3/2015	42	12	22	28	4	16	3650217 	-	Jackpot 	4	40380.52	41	2500.00	775	50.00	994	50.00	28013	2.00	11142	2.00	48394	1.50
1578	26/2/2015	20	28	16	39	4	11	3106451 	2	300000  	5	27492.09	29	2500.00	546	50.00	949	50.00	18524	2.00	11102	2.00	52871	1.50
1577	22/2/2015	20	42	34	18	2	20	6131041 	1	3736594.26	7	38756.93	47	2500.00	966	50.00	1594	50.00	37248	2.00	19441	2.00	88790	1.50
1576	19/2/2015	39	19	38	14	40	18	5322743 	-	Jackpot 	1	235531.38	33	2500.00	481	50.00	1062	50.00	25056	2.00	15770	2.00	78526	1.50
1575	15/2/2015	17	43	37	33	31	18	5486382 	-	Jackpot 	2	121386.2	50	2500.00	1169	50.00	1874	50.00	38684	2.00	19852	2.00	83162	1.50
1574	12/2/2015	6	19	8	10	14	3	4444029 	-	Jackpot 	7	28092.61	58	2500.00	1098	50.00	1893	50.00	33520	2.00	20652	2.00	89031	1.50
1573	8/2/2015	6	24	5	15	44	8	4762144 	-	Jackpot 	2	105362.43	39	2500.00	518	50.00	1957	50.00	22567	2.00	28375	2.00	149898	1.50
1572	5/2/2015	45	35	44	13	30	10	4097523 	-	Jackpot 	1	504776.2	28	2500.00	398	50.00	1003	50.00	17060	2.00	14475	2.00	71837	1.50
1571	1/2/2015	1	29	43	32	5	15	3990867 	-	Jackpot 	-	Jackpot 	20	2500.00	483	50.00	779	50.00	22205	2.00	11456	2.00	55718	1.50
1570	29/1/2015	9	13	12	36	31	17	3318982 	-	Jackpot 	-	Jackpot 	22	2500.00	409	50.00	823	50.00	20280	2.00	11697	2.00	52296	1.50
1569	25/1/2015	37	28	8	14	25	9	6353256 	2	1952893.21	4	70282.89	118	2500.00	1399	50.00	3262	50.00	46304	2.00	37096	2.00	154431	1.50
1568	22/1/2015	31	30	42	24	25	16	5734693 	-	Jackpot 	1	253760.17	12	2500.00	434	50.00	991	50.00	24219	2.00	15620	2.00	78167	1.50
1567	18/1/2015	1	27	24	40	32	18	5562588 	-	Jackpot 	1	246144.52	25	2500.00	458	50.00	1195	50.00	26330	2.00	18807	2.00	96102	1.50
1566	15/1/2015	8	30	7	11	10	15	4960547 	-	Jackpot 	5	43900.84	56	2500.00	1550	50.00	1712	50.00	39107	2.00	18984	2.00	83464	1.50
1565	11/1/2015	32	26	44	24	36	7	4753997 	-	Jackpot	        8	26295.54	36	2500.00	696	50.00	1562	50.00	25657	2.00	20211	2.00	99889	1.50
1564	8/1/2015	25	10	17	39	38	7	3937137 	-	Jackpot    	1	174218.31	30	2500.00	470	50.00	1357	50.00	20414	2.00	19546	2.00	99007	1.50
1563	4/1/2015	8	1	24	9	2	6	3699496 	-	Jackpot	        3	54567.56	48	2500.00	1042	50.00	1410	50.00	29428	2.00	16328	2.00	65339	1.50
1562	1/1/2015	36	41	33	2	9	20	4252421 	-	Jackpot	        3	62723.21	11	2500.00	517	50.00	851	50.00	21988	2.00	13229	2.00	63010	1.50